nan nan 0.000000000000000000e+00 1.095484239147339611e+00 nan nan nan
2.261304937939999978e-03 1.090707706264647969e+00 2.232142857142857019e-03 1.093432155900710745e+00 2.261304937939999978e-03 1.090707706264647969e+00 -4.285614593079999923e-01
6.774834618499999891e-03 1.101017888434069114e+00 4.464285714285714038e-03 1.091422582095950888e+00 6.774834618499999891e-03 1.101017888434069114e+00 -4.284729069370000198e-01
1.127128988719999954e-02 1.096870505534834672e+00 6.696428571428571057e-03 1.089455441789624279e+00 1.127128988719999954e-02 1.096870505534834672e+00 -4.282482382119999764e-01
1.575278502659999830e-02 1.090160612495627124e+00 8.928571428571428076e-03 1.087530646730233919e+00 1.575278502659999830e-02 1.090160612495627124e+00 -4.278896758190000038e-01
2.022131828750000151e-02 1.083369096270407894e+00 1.116071428571428596e-02 1.085648096517537020e+00 2.022131828750000151e-02 1.083369096270407894e+00 -4.273994424650000012e-01
2.467877077569999994e-02 1.076947937522227949e+00 1.339285714285714211e-02 1.083807678771392169e+00 2.467877077569999994e-02 1.076947937522227949e+00 -4.267797608869999815e-01
2.912690583310000025e-02 1.071196436157866749e+00 1.562500000000000000e-02 1.082009269309843758e+00 2.912690583310000025e-02 1.071196436157866749e+00 -4.260328538440000257e-01
3.356736889399999924e-02 1.065836556806983415e+00 1.785714285714285615e-02 1.080252732336113075e+00 3.356736889399999924e-02 1.065836556806983415e+00 -4.251609441240000176e-01
3.800168779370000083e-02 1.061165624627113946e+00 2.008928571428571577e-02 1.078537920634161429e+00 3.800168779370000083e-02 1.061165624627113946e+00 -4.241662545370000204e-01
4.243127349939999904e-02 1.057039272970279997e+00 2.232142857142857192e-02 1.076864675772459368e+00 4.243127349939999904e-02 1.057039272970279997e+00 -4.230510079209999774e-01
4.685742123609999699e-02 1.053281185121506924e+00 2.455357142857142808e-02 1.075232828315579647e+00 4.685742123609999699e-02 1.053281185121506924e+00 -4.218174271380000229e-01
5.128131197130000180e-02 1.050176017703246867e+00 2.678571428571428423e-02 1.073642198043222029e+00 5.128131197130000180e-02 1.050176017703246867e+00 -4.204677350759999932e-01
5.570401422650000239e-02 1.047743901362544472e+00 2.901785714285714385e-02 1.072092594176254687e+00 5.570401422650000239e-02 1.047743901362544472e+00 -4.190041546500000158e-01
6.012648617920000188e-02 1.045607406630509884e+00 3.125000000000000000e-02 1.070583815609343903e+00 6.012648617920000188e-02 1.045607406630509884e+00 -4.174289087970000089e-01
6.454957802109999310e-02 1.043732700702095340e+00 3.348214285714285615e-02 1.069115651149739277e+00 6.454957802109999310e-02 1.043732700702095340e+00 -4.157442204819999931e-01
6.897403453830000530e-02 1.042104855549915721e+00 3.571428571428571230e-02 1.067687879761761049e+00 6.897403453830000530e-02 1.042104855549915721e+00 -4.139523126960000243e-01
7.340049787970000239e-02 1.040662521932262274e+00 3.794642857142856845e-02 1.066300270816531670e+00 7.340049787970000239e-02 1.040662521932262274e+00 -4.120554084540000161e-01
7.782951048300000563e-02 1.039429692074709255e+00 4.017857142857143155e-02 1.064952584346488651e+00 7.782951048300000563e-02 1.039429692074709255e+00 -4.100557307969999732e-01
8.226151812710000288e-02 1.038460159199279476e+00 4.241071428571428770e-02 1.063644571304205755e+00 8.226151812710000288e-02 1.038460159199279476e+00 -4.079555027919999910e-01
8.669687308500000078e-02 1.037762621092414683e+00 4.464285714285714385e-02 1.062375973825046893e+00 8.669687308500000078e-02 1.037762621092414683e+00 -4.057569475310000007e-01
9.113583734989999519e-02 1.037232638399385509e+00 4.687500000000000000e-02 1.061146525493176451e+00 9.113583734989999519e-02 1.037232638399385509e+00 -4.034622881300000130e-01
9.557858591289999928e-02 1.036809944457543375e+00 4.910714285714285615e-02 1.059955951610445757e+00 9.557858591289999928e-02 1.036809944457543375e+00 -4.010737477340000079e-01
1.000252100699999952e-01 1.036445809285144737e+00 5.133928571428571230e-02 1.058803969467678741e+00 1.000252100699999952e-01 1.036445809285144737e+00 -3.985935495110000115e-01
1.044757207399999999e-01 1.036228170408305616e+00 5.357142857142856845e-02 1.057690288617882057e+00 1.044757207399999999e-01 1.036228170408305616e+00 -3.960239166549999745e-01
1.089300517820000064e-01 1.036193435697320142e+00 5.580357142857143155e-02 1.056614611150906269e+00 1.089300517820000064e-01 1.036193435697320142e+00 -3.933670723850000162e-01
1.133880146849999965e-01 1.036596007798675334e+00 5.803571428571428770e-02 1.055576631969094015e+00 1.133880146849999965e-01 1.036596007798675334e+00 -3.906252707219999842e-01
1.178493941329999961e-01 1.037096377269097536e+00 6.026785714285714385e-02 1.054576039063450876e+00 1.178493941329999961e-01 1.037096377269097536e+00 -3.878007398380000081e-01
1.223139561419999966e-01 1.037515640477650214e+00 6.250000000000000000e-02 1.053612513789897953e+00 1.223139561419999966e-01 1.037515640477650214e+00 -3.848956773359999972e-01
1.267813589319999878e-01 1.038123576903275502e+00 6.473214285714286309e-02 1.052685731145148518e+00 1.267813589319999878e-01 1.038123576903275502e+00 -3.819123068870000082e-01
1.312511997559999977e-01 1.038828440925564811e+00 6.696428571428571230e-02 1.051795360041795302e+00 1.312511997559999977e-01 1.038828440925564811e+00 -3.788528521569999863e-01
1.357230179560000027e-01 1.039457359880150644e+00 6.919642857142857539e-02 1.050941063582172541e+00 1.357230179560000027e-01 1.039457359880150644e+00 -3.757195368110000100e-01
1.401962979599999937e-01 1.040064074884744727e+00 7.142857142857142461e-02 1.050122499330599091e+00 1.401962979599999937e-01 1.040064074884744727e+00 -3.725145845089999908e-01
1.446704722190000070e-01 1.040619631766243502e+00 7.366071428571428770e-02 1.049339319583600494e+00 1.446704722190000070e-01 1.040619631766243502e+00 -3.692402189080000174e-01
1.491449240599999893e-01 1.041105478744334345e+00 7.589285714285713691e-02 1.048591171637739849e+00 1.491449240599999893e-01 1.041105478744334345e+00 -3.658986636609999898e-01
1.536189904920000071e-01 1.041591781739164890e+00 7.812500000000000000e-02 1.047877698054688222e+00 1.536189904920000071e-01 1.041591781739164890e+00 -3.624921424190000185e-01
1.580919649249999948e-01 1.042022595552692721e+00 8.035714285714286309e-02 1.047198536923192869e+00 1.580919649249999948e-01 1.042022595552692721e+00 -3.590228788279999916e-01
1.625630998419999862e-01 1.042589417103409355e+00 8.258928571428571230e-02 1.046553322117614204e+00 1.625630998419999862e-01 1.042589417103409355e+00 -3.554930965320000080e-01
1.670316093910000077e-01 1.043337070609184680e+00 8.482142857142857539e-02 1.045941683552717771e+00 1.670316093910000077e-01 1.043337070609184680e+00 -3.519050191709999775e-01
1.714966719300000109e-01 1.044115153168069909e+00 8.705357142857142461e-02 1.045363247434427434e+00 1.714966719300000109e-01 1.044115153168069909e+00 -3.482608703810000095e-01
1.759574325069999945e-01 1.044924557102803186e+00 8.928571428571428770e-02 1.044817636506267577e+00 1.759574325069999945e-01 1.044924557102803186e+00 -3.445628737959999799e-01
1.804130052930000006e-01 1.045905332613720207e+00 9.151785714285713691e-02 1.044304470291234743e+00 1.804130052930000006e-01 1.045905332613720207e+00 -3.408132530449999864e-01
1.848624759580000110e-01 1.046912203200199842e+00 9.375000000000000000e-02 1.043823365328862884e+00 1.848624759580000110e-01 1.046912203200199842e+00 -3.370142317540000265e-01
1.893049040130000138e-01 1.047925162207371308e+00 9.598214285714286309e-02 1.043373935407259756e+00 1.893049040130000138e-01 1.047925162207371308e+00 -3.331680335480000088e-01
1.937393251060000043e-01 1.048758024568924085e+00 9.821428571428571230e-02 1.042955791789917930e+00 1.937393251060000043e-01 1.048758024568924085e+00 -3.292768820440000188e-01
1.981647532920000065e-01 1.049861956909921679e+00 1.004464285714285754e-01 1.042568543437119910e+00 1.981647532920000065e-01 1.049861956909921679e+00 -3.253430008600000090e-01
2.025801832649999912e-01 1.051150735928468194e+00 1.026785714285714246e-01 1.042211797221770597e+00 2.025801832649999912e-01 1.051150735928468194e+00 -3.213686136080000089e-01
2.069845925830000044e-01 1.052594543909523006e+00 1.049107142857142877e-01 1.041885158139515877e+00 2.069845925830000044e-01 1.052594543909523006e+00 -3.173559438979999814e-01
2.113769438679999890e-01 1.054405702555671009e+00 1.071428571428571369e-01 1.041588229513026986e+00 2.113769438679999890e-01 1.054405702555671009e+00 -3.133072153350000000e-01
2.157561870040000107e-01 1.056912961284468988e+00 1.093750000000000000e-01 1.041320613190332312e+00 2.157561870040000107e-01 1.056912961284468988e+00 -3.092246515229999937e-01
2.201212613300000120e-01 1.060378319012218462e+00 1.116071428571428631e-01 1.041081909737118227e+00 2.201212613300000120e-01 1.060378319012218462e+00 -3.051104760600000243e-01
2.245455307070000073e-01 1.062995955271012649e+00 1.138392857142857123e-01 1.040871718622921938e+00 2.245455307070000073e-01 1.062995955271012649e+00 -3.009081005490000238e-01
2.290352080570000060e-01 1.064168649319577664e+00 1.160714285714285754e-01 1.040689638401157691e+00 2.290352080570000060e-01 1.064168649319577664e+00 -2.966163542420000021e-01
2.335227520539999990e-01 1.065551743316852651e+00 1.183035714285714246e-01 1.040535266882946619e+00 2.335227520539999990e-01 1.065551743316852651e+00 -2.922920855469999801e-01
2.380084397109999972e-01 1.067107805938771303e+00 1.205357142857142877e-01 1.040408201304715563e+00 2.380084397109999972e-01 1.067107805938771303e+00 -2.879359323799999815e-01
2.424925329339999991e-01 1.068688853597375310e+00 1.227678571428571369e-01 1.040308038489569764e+00 2.424925329339999991e-01 1.068688853597375310e+00 -2.835485326569999742e-01
2.469752786789999877e-01 1.070249193959687872e+00 1.250000000000000000e-01 1.040234375002431433e+00 2.469752786789999877e-01 1.070249193959687872e+00 -2.791305242970000267e-01
2.514569091089999819e-01 1.071597665040721736e+00 1.272321428571428492e-01 1.040186807298980609e+00 2.514569091089999819e-01 1.071597665040721736e+00 -2.746825452189999850e-01
2.559376417740000242e-01 1.072961654264793507e+00 1.294642857142857262e-01 1.040164931868418075e+00 2.559376417740000242e-01 1.072961654264793507e+00 -2.702052333400000173e-01
2.604176797819999778e-01 1.074257834858884042e+00 1.316964285714285754e-01 1.040168345370106717e+00 2.604176797819999778e-01 1.074257834858884042e+00 -2.656992265829999922e-01
2.648972119910000256e-01 1.075362301019439748e+00 1.339285714285714246e-01 1.040196644764146860e+00 2.648972119910000256e-01 1.075362301019439748e+00 -2.611651628669999781e-01
2.693764131990000199e-01 1.076505322387264041e+00 1.361607142857142738e-01 1.040249427435955054e+00 2.693764131990000199e-01 1.076505322387264041e+00 -2.566036801139999768e-01
2.738554443430000207e-01 1.077587493578238576e+00 1.383928571428571508e-01 1.040326291314925378e+00 2.738554443430000207e-01 1.077587493578238576e+00 -2.520154162459999903e-01
2.783344527020000236e-01 1.078692470966410522e+00 1.406250000000000000e-01 1.040426834987268512e+00 2.783344527020000236e-01 1.078692470966410522e+00 -2.474010091880000095e-01
2.828135721069999775e-01 1.079799856920412360e+00 1.428571428571428492e-01 1.040550657803124279e+00 2.828135721069999775e-01 1.079799856920412360e+00 -2.427610968620000087e-01
2.872929231499999903e-01 1.080842010793620300e+00 1.450892857142857262e-01 1.040697359978055569e+00 2.872929231499999903e-01 1.080842010793620300e+00 -2.380963171940000123e-01
2.917726134060000254e-01 1.081957588895490652e+00 1.473214285714285754e-01 1.040866542689043994e+00 2.917726134060000254e-01 1.081957588895490652e+00 -2.334073081090000112e-01
2.962527376469999973e-01 1.083148184807335213e+00 1.495535714285714246e-01 1.041057808165103404e+00 2.962527376469999973e-01 1.083148184807335213e+00 -2.286947075340000080e-01
3.007333780679999902e-01 1.084267584469904122e+00 1.517857142857142738e-01 1.041270759772648713e+00 3.007333780679999902e-01 1.084267584469904122e+00 -2.239591533949999991e-01
3.052146045099999871e-01 1.085557771712521991e+00 1.540178571428571508e-01 1.041505002095747701e+00 3.052146045099999871e-01 1.085557771712521991e+00 -2.192012836209999982e-01
3.096964746879999897e-01 1.086881553099003250e+00 1.562500000000000000e-01 1.041760141011403240e+00 3.096964746879999897e-01 1.086881553099003250e+00 -2.144217361400000132e-01
3.141790344190000250e-01 1.088171072880814716e+00 1.584821428571428492e-01 1.042035783760005163e+00 3.141790344190000250e-01 1.088171072880814716e+00 -2.096211488820000080e-01
3.186623178499999876e-01 1.089468802791128565e+00 1.607142857142857262e-01 1.042331539011104313e+00 3.186623178499999876e-01 1.089468802791128565e+00 -2.048001597770000015e-01
3.231463476900000020e-01 1.090639470703838265e+00 1.629464285714285476e-01 1.042647016924661107e+00 3.231463476900000020e-01 1.090639470703838265e+00 -1.999594067559999910e-01
3.276311354429999878e-01 1.091645814620021193e+00 1.651785714285714246e-01 1.042981829207919375e+00 3.276311354429999878e-01 1.091645814620021193e+00 -1.950995277510000070e-01
3.321166816339999883e-01 1.092597806205240163e+00 1.674107142857143016e-01 1.043335589168068456e+00 3.321166816339999883e-01 1.092597806205240163e+00 -1.902211606939999966e-01
3.366029760450000019e-01 1.093596395402909538e+00 1.696428571428571508e-01 1.043707911760852980e+00 3.366029760450000019e-01 1.093596395402909538e+00 -1.853249435190000016e-01
3.410899979440000229e-01 1.094432905253490240e+00 1.718749999999999722e-01 1.044098413635278666e+00 3.410899979440000229e-01 1.094432905253490240e+00 -1.804115141600000083e-01
3.455777163140000274e-01 1.095407601971987832e+00 1.741071428571428492e-01 1.044506713174594870e+00 3.455777163140000274e-01 1.095407601971987832e+00 -1.754815105520000085e-01
3.500660900859999813e-01 1.096383587408874094e+00 1.763392857142857262e-01 1.044932430533696888e+00 3.500660900859999813e-01 1.096383587408874094e+00 -1.705355706309999997e-01
3.545550683629999922e-01 1.097384757350980289e+00 1.785714285714285754e-01 1.045375187673119877e+00 3.545550683629999922e-01 1.097384757350980289e+00 -1.655743323320000016e-01
3.590445906529999842e-01 1.098435915402564689e+00 1.808035714285714246e-01 1.045834608389782261e+00 3.590445906529999842e-01 1.098435915402564689e+00 -1.605984335940000007e-01
3.635345814550000054e-01 1.099376252791338215e+00 1.830357142857142738e-01 1.046310318344635615e+00 3.635345814550000054e-01 1.099376252791338215e+00 -1.556085186320000091e-01
3.680249611849999991e-01 1.100122181446083536e+00 1.852678571428571508e-01 1.046801945087384889e+00 3.680249611849999991e-01 1.100122181446083536e+00 -1.506052260550000133e-01
3.725156469700000028e-01 1.100720081547418294e+00 1.875000000000000000e-01 1.047309118078431300e+00 3.725156469700000028e-01 1.100720081547418294e+00 -1.455891881939999910e-01
3.770065421689999807e-01 1.101576774652092139e+00 1.897321428571428492e-01 1.047831468708193992e+00 3.770065421689999807e-01 1.101576774652092139e+00 -1.405610429939999906e-01
3.814975416579999834e-01 1.102648912777896006e+00 1.919642857142857262e-01 1.048368630313967209e+00 3.814975416579999834e-01 1.102648912777896006e+00 -1.355214283979999934e-01
3.859885320479999882e-01 1.103615904580004914e+00 1.941964285714285754e-01 1.048920238194454901e+00 3.859885320479999882e-01 1.103615904580004914e+00 -1.304709823499999866e-01
3.904793918960000054e-01 1.104538418861782834e+00 1.964285714285714246e-01 1.049485929622141489e+00 3.904793918960000054e-01 1.104538418861782834e+00 -1.254103427949999905e-01
3.949699919229999745e-01 1.105440002490079676e+00 1.986607142857142738e-01 1.050065343853633149e+00 3.949699919229999745e-01 1.105440002490079676e+00 -1.203401476760000005e-01
3.994601952249999810e-01 1.106116927416406437e+00 2.008928571428571508e-01 1.050658122138122597e+00 3.994601952249999810e-01 1.106116927416406437e+00 -1.152610349359999981e-01
4.039498574770000183e-01 1.106875387671194977e+00 2.031250000000000278e-01 1.051263907724103275e+00 4.039498574770000183e-01 1.106875387671194977e+00 -1.101736425189999979e-01
4.084388271450000163e-01 1.107754554317479156e+00 2.053571428571428492e-01 1.051882345864478374e+00 4.084388271450000163e-01 1.107754554317479156e+00 -1.050786083670000037e-01
4.129269456879999800e-01 1.108768169205180065e+00 2.075892857142856984e-01 1.052513083820195483e+00 4.129269456879999800e-01 1.108768169205180065e+00 -9.997657042259999738e-02
4.174140477600000176e-01 1.109622797952150686e+00 2.098214285714285754e-01 1.053155770862527207e+00 4.174140477600000176e-01 1.109622797952150686e+00 -9.486816662930000477e-02
4.218999614119999797e-01 1.110294946350596446e+00 2.120535714285714524e-01 1.053810058274130768e+00 4.218999614119999797e-01 1.110294946350596446e+00 -8.975403492929999449e-02
4.263845082869999747e-01 1.110898410320753538e+00 2.142857142857142738e-01 1.054475599349003812e+00 4.263845082869999747e-01 1.110898410320753538e+00 -8.463481326459999787e-02
4.308675038159999748e-01 1.111389159597546250e+00 2.165178571428571230e-01 1.055152049391453239e+00 4.308675038159999748e-01 1.111389159597546250e+00 -7.951113957729999404e-02
4.353487574120000203e-01 1.111881313301882779e+00 2.187500000000000000e-01 1.055839065714185621e+00 4.353487574120000203e-01 1.111881313301882779e+00 -7.438365180919999375e-02
4.398280726620000247e-01 1.112192155523684445e+00 2.209821428571428770e-01 1.056536307635640215e+00 4.398280726620000247e-01 1.112192155523684445e+00 -6.925298790209999389e-02
4.443052475120000122e-01 1.112480180377136030e+00 2.232142857142857262e-01 1.057243436476651199e+00 4.443052475120000122e-01 1.112480180377136030e+00 -6.411978579719999904e-02
4.487800744600000113e-01 1.112698686783133439e+00 2.254464285714285476e-01 1.057960115556556779e+00 4.487800744600000113e-01 1.112698686783133439e+00 -5.898468343580000328e-02
4.532523407349999811e-01 1.112823623203588852e+00 2.276785714285714246e-01 1.058686010188840898e+00 4.532523407349999811e-01 1.112823623203588852e+00 -5.384831875909999732e-02
4.577218284799999815e-01 1.112954161853400459e+00 2.299107142857143016e-01 1.059420787676404796e+00 4.577218284799999815e-01 1.112954161853400459e+00 -4.871132970790000016e-02
4.621883149380000000e-01 1.113154551807347792e+00 2.321428571428571508e-01 1.060164117306555243e+00 4.621883149380000000e-01 1.113154551807347792e+00 -4.357435422289999971e-02
4.666515726259999886e-01 1.113182031596246402e+00 2.343749999999999722e-01 1.060915670345794037e+00 4.666515726259999886e-01 1.113182031596246402e+00 -3.843803024459999801e-02
4.711113695129999779e-01 1.113313695855900676e+00 2.366071428571428492e-01 1.061675120034490938e+00 4.711113695129999779e-01 1.113313695855900676e+00 -3.330299571320000096e-02
4.755674691969999923e-01 1.113420963429742949e+00 2.388392857142857262e-01 1.062442141581513733e+00 4.755674691969999923e-01 1.113420963429742949e+00 -2.816988856890000059e-02
4.800196310779999975e-01 1.113605031545170432e+00 2.410714285714285754e-01 1.063216412158888513e+00 4.800196310779999975e-01 1.113605031545170432e+00 -2.303934675149999986e-02
4.844676105299999813e-01 1.113728653219351550e+00 2.433035714285714246e-01 1.063997610896563861e+00 4.844676105299999813e-01 1.113728653219351550e+00 -1.791200820090000159e-02
4.889111590729999790e-01 1.113635030879863708e+00 2.455357142857142738e-01 1.064785418877336465e+00 4.889111590729999790e-01 1.113635030879863708e+00 -1.278851085650000059e-02
4.933500245419999986e-01 1.113509912732273399e+00 2.477678571428571508e-01 1.065579519132003439e+00 4.933500245419999986e-01 1.113509912732273399e+00 -7.669492657620000098e-03
4.977839512519999787e-01 1.113078366830286159e+00 2.500000000000000000e-01 1.066379596634798865e+00 4.977839512519999787e-01 1.113078366830286159e+00 -2.555591543500000066e-03
5.022263901510000128e-01 1.113199656108428526e+00 2.522321428571428492e-01 1.067185338299170505e+00 5.022263901510000128e-01 1.113199656108428526e+00 2.568331434510000115e-03
5.066819540850000525e-01 1.113896860935619681e+00 2.544642857142856984e-01 1.067996432973939536e+00 5.066819540850000525e-01 1.113896860935619681e+00 7.707185030870000210e-03
5.111415541670000229e-01 1.114086760777913687e+00 2.566964285714286031e-01 1.068812571439901049e+00 5.111415541670000229e-01 1.114086760777913687e+00 1.285010659230000074e-02
5.156049478259999708e-01 1.113999142614336746e+00 2.589285714285714524e-01 1.069633446406899502e+00 5.156049478259999708e-01 1.113999142614336746e+00 1.799646913939999954e-02
5.200718957819999710e-01 1.113836361117618301e+00 2.611607142857142461e-01 1.070458752511426637e+00 5.200718957819999710e-01 1.113836361117618301e+00 2.314564569260000107e-02
5.245421622179999854e-01 1.113482554175697858e+00 2.633928571428571508e-01 1.071288186314773405e+00 5.245421622179999854e-01 1.113482554175697858e+00 2.829700927220000009e-02
5.290155149359999642e-01 1.113419829249108650e+00 2.656250000000000000e-01 1.072121446301774528e+00 5.290155149359999642e-01 1.113419829249108650e+00 3.344993289820000215e-02
5.334917255340000386e-01 1.113386719795305346e+00 2.678571428571428492e-01 1.072958232880174334e+00 5.334917255340000386e-01 1.113386719795305346e+00 3.860378959050000253e-02
5.379705695680000455e-01 1.113260127943072275e+00 2.700892857142856984e-01 1.073798248380641418e+00 5.379705695680000455e-01 1.113260127943072275e+00 4.375795236880000022e-02
5.424518267250000303e-01 1.113030496372054534e+00 2.723214285714285476e-01 1.074641197057461195e+00 5.424518267250000303e-01 1.113030496372054534e+00 4.891179425259999797e-02
5.469352809940000171e-01 1.112810049597060758e+00 2.745535714285714524e-01 1.075486785089922570e+00 5.469352809940000171e-01 1.112810049597060758e+00 5.406468826110000236e-02
5.514207208389999559e-01 1.112594820305393029e+00 2.767857142857143016e-01 1.076334720584427362e+00 5.514207208389999559e-01 1.112594820305393029e+00 5.921600741360000253e-02
5.559079393750000486e-01 1.112343120811030150e+00 2.790178571428571508e-01 1.077184713577329367e+00 5.559079393750000486e-01 1.112343120811030150e+00 6.436512472880000224e-02
5.603967345429999858e-01 1.112055487655241981e+00 2.812500000000000000e-01 1.078036476038528368e+00 5.603967345429999858e-01 1.112055487655241981e+00 6.951141322569999448e-02
5.648869092910000500e-01 1.111806368881046447e+00 2.834821428571428492e-01 1.078889721875821994e+00 5.648869092910000500e-01 1.111806368881046447e+00 7.465424592269999382e-02
5.693782717499999979e-01 1.111524176135847863e+00 2.857142857142856984e-01 1.079744166940035166e+00 5.693782717499999979e-01 1.111524176135847863e+00 7.979299583809999763e-02
5.738706354239999641e-01 1.111199969383521724e+00 2.879464285714285476e-01 1.080599529030926265e+00 5.738706354239999641e-01 1.111199969383521724e+00 8.492703599030000661e-02
5.783638193660000093e-01 1.110758600560250109e+00 2.901785714285714524e-01 1.081455527903880887e+00 5.783638193660000093e-01 1.110758600560250109e+00 9.005573939710000142e-02
5.828576483720000478e-01 1.109986636523841996e+00 2.924107142857143016e-01 1.082311885277397634e+00 5.828576483720000478e-01 1.109986636523841996e+00 9.517847907630000437e-02
5.873519531630000401e-01 1.109117840143747369e+00 2.946428571428571508e-01 1.083168324841361718e+00 5.873519531630000401e-01 1.109117840143747369e+00 1.002946280460000061e-01
5.918465705819999645e-01 1.108150842960623939e+00 2.968750000000000000e-01 1.084024572266115927e+00 5.918465705819999645e-01 1.108150842960623939e+00 1.054035593220000039e-01
5.963413437810000106e-01 1.107125459193598171e+00 2.991071428571428492e-01 1.084880355212318515e+00 5.963413437810000106e-01 1.107125459193598171e+00 1.105046459240000001e-01
6.008361224220000185e-01 1.106115384569882787e+00 3.013392857142857539e-01 1.085735403341586469e+00 6.008361224220000185e-01 1.106115384569882787e+00 1.155972608670000068e-01
6.053307628709999610e-01 1.105150097776311791e+00 3.035714285714285476e-01 1.086589448327923924e+00 6.053307628709999610e-01 1.105150097776311791e+00 1.206807771689999975e-01
6.098251283960000046e-01 1.104287527646473199e+00 3.058035714285713969e-01 1.087442223869923952e+00 6.098251283960000046e-01 1.104287527646473199e+00 1.257545678470000095e-01
6.143190893719999712e-01 1.103531140119084597e+00 3.080357142857143016e-01 1.088293465703734197e+00 6.143190893719999712e-01 1.103531140119084597e+00 1.308180059160000130e-01
6.188125234839999544e-01 1.102512689644091326e+00 3.102678571428571508e-01 1.089142911616782783e+00 6.188125234839999544e-01 1.102512689644091326e+00 1.358704643929999900e-01
6.233053159320000036e-01 1.101396934613619871e+00 3.125000000000000000e-01 1.089990301462248734e+00 6.233053159320000036e-01 1.101396934613619871e+00 1.409113162939999997e-01
6.277973596389999633e-01 1.100315601633593543e+00 3.147321428571428492e-01 1.090835377174265597e+00 6.277973596389999633e-01 1.100315601633593543e+00 1.459399346359999960e-01
6.322885554630000016e-01 1.099481940229472210e+00 3.169642857142856984e-01 1.091677882783846254e+00 6.322885554630000016e-01 1.099481940229472210e+00 1.509556924329999994e-01
6.367788124059999832e-01 1.098712532646656914e+00 3.191964285714286031e-01 1.092517564435511179e+00 6.367788124059999832e-01 1.098712532646656914e+00 1.559579627019999915e-01
6.412680530550000091e-01 1.097933857943837799e+00 3.214285714285714524e-01 1.093354170404611025e+00 6.412680530550000091e-01 1.097933857943837799e+00 1.609461242449999885e-01
6.457562027669999649e-01 1.096969022406611316e+00 3.236607142857142461e-01 1.094187451115316456e+00 6.457562027669999649e-01 1.096969022406611316e+00 1.659195494000000048e-01
6.502431904669999652e-01 1.095986686130946186e+00 3.258928571428570953e-01 1.095017159159270337e+00 6.502431904669999652e-01 1.095986686130946186e+00 1.708776047230000095e-01
6.547289599040000407e-01 1.095113846833508431e+00 3.281250000000000000e-01 1.095843049314870754e+00 6.547289599040000407e-01 1.095113846833508431e+00 1.758196632369999901e-01
6.592134640550000313e-01 1.094245287419162382e+00 3.303571428571428492e-01 1.096664878567176649e+00 6.592134640550000313e-01 1.094245287419162382e+00 1.807450979649999900e-01
6.636966653570000041e-01 1.093313336220704812e+00 3.325892857142856984e-01 1.097482406128411858e+00 6.636966653570000041e-01 1.093313336220704812e+00 1.856532819320000083e-01
6.681785359249999834e-01 1.092353808087307421e+00 3.348214285714286031e-01 1.098295393459039815e+00 6.681785359249999834e-01 1.092353808087307421e+00 1.905435881649999996e-01
6.726590577769999690e-01 1.091247654125673483e+00 3.370535714285714524e-01 1.099103604289402014e+00 6.726590577769999690e-01 1.091247654125673483e+00 1.954153896899999965e-01
6.771382230600000440e-01 1.090288582646971260e+00 3.392857142857143016e-01 1.099906804641885172e+00 6.771382230600000440e-01 1.090288582646971260e+00 2.002680595330000035e-01
6.816160342760000379e-01 1.089288994203162719e+00 3.415178571428571508e-01 1.100704762853601304e+00 6.816160342760000379e-01 1.089288994203162719e+00 2.051009707229999868e-01
6.860925045060000116e-01 1.088213177872859871e+00 3.437499999999999445e-01 1.101497249599554751e+00 6.860925045060000116e-01 1.088213177872859871e+00 2.099134962889999956e-01
6.905676576400000544e-01 1.087144472661181860e+00 3.459821428571428492e-01 1.102284037916275272e+00 6.905676576400000544e-01 1.087144472661181860e+00 2.147050092599999960e-01
6.950415286009999916e-01 1.086137449804463140e+00 3.482142857142856984e-01 1.103064903225888349e+00 6.950415286009999916e-01 1.086137449804463140e+00 2.194748826659999874e-01
6.995141635699999583e-01 1.085053784657229681e+00 3.504464285714285476e-01 1.103839623360604705e+00 6.995141635699999583e-01 1.085053784657229681e+00 2.242224895399999862e-01
7.039856202130000407e-01 1.084060969319714074e+00 3.526785714285714524e-01 1.104607978587599515e+00 7.039856202130000407e-01 1.084060969319714074e+00 2.289472029119999918e-01
7.084559679049999836e-01 1.082995228135366306e+00 3.549107142857143016e-01 1.105369751634256881e+00 7.084559679049999836e-01 1.082995228135366306e+00 2.336483958149999929e-01
7.129252879509999641e-01 1.081908118864714829e+00 3.571428571428571508e-01 1.106124727713757583e+00 7.129252879509999641e-01 1.081908118864714829e+00 2.383254412839999892e-01
7.173936738099999655e-01 1.080680892200385435e+00 3.593750000000000000e-01 1.106872694550980141e+00 7.173936738099999655e-01 1.080680892200385435e+00 2.429777123519999971e-01
7.218612313090000399e-01 1.079240999816037272e+00 3.616071428571428492e-01 1.107613442408691862e+00 7.218612313090000399e-01 1.079240999816037272e+00 2.476045820539999887e-01
7.263280788649999486e-01 1.077981634437146896e+00 3.638392857142857539e-01 1.108346764114004568e+00 7.263280788649999486e-01 1.077981634437146896e+00 2.522054234259999972e-01
7.307943476960000462e-01 1.076908618186578126e+00 3.660714285714285476e-01 1.109072455085067688e+00 7.307943476960000462e-01 1.076908618186578126e+00 2.567796095039999726e-01
7.352601820270000532e-01 1.075756041131426421e+00 3.683035714285713969e-01 1.109790313357972957e+00 7.352601820270000532e-01 1.075756041131426421e+00 2.613265133279999985e-01
7.397257393060000519e-01 1.074574612350483127e+00 3.705357142857143016e-01 1.110500139613845194e+00 7.397257393060000519e-01 1.074574612350483127e+00 2.658455079329999915e-01
7.441911903929999683e-01 1.073370310525714189e+00 3.727678571428571508e-01 1.111201737206092721e+00 7.441911903929999683e-01 1.073370310525714189e+00 2.703359663600000129e-01
7.486567197669999896e-01 1.072065513661316194e+00 3.750000000000000000e-01 1.111894912187791018e+00 7.486567197669999896e-01 1.072065513661316194e+00 2.747972616480000019e-01
7.531225257139999574e-01 1.070746785481186514e+00 3.772321428571428492e-01 1.112579473339173175e+00 7.531225257139999574e-01 1.070746785481186514e+00 2.792287668380000198e-01
7.575888205120000496e-01 1.069368781348426278e+00 3.794642857142856984e-01 1.113255232195202726e+00 7.575888205120000496e-01 1.069368781348426278e+00 2.836298549710000172e-01
7.620558306069999954e-01 1.067995218806575997e+00 3.816964285714286031e-01 1.113922003073203326e+00 7.620558306069999954e-01 1.067995218806575997e+00 2.879998990889999777e-01
7.665237967929999785e-01 1.066541071798341900e+00 3.839285714285714524e-01 1.114579603100513516e+00 7.665237967929999785e-01 1.066541071798341900e+00 2.923382722360000074e-01
7.709929743690000503e-01 1.065268666133211806e+00 3.861607142857142461e-01 1.115227852242149043e+00 7.709929743690000503e-01 1.065268666133211806e+00 2.966443474539999792e-01
7.754636332980000546e-01 1.064224168203943499e+00 3.883928571428571508e-01 1.115866573328444078e+00 7.754636332980000546e-01 1.064224168203943499e+00 3.009174977890000102e-01
7.798899865659999486e-01 1.061700095838910896e+00 3.906250000000000000e-01 1.116495592082642263e+00 7.798899865659999486e-01 1.061700095838910896e+00 3.051215303859999839e-01
7.842778644269999822e-01 1.058296347125523118e+00 3.928571428571428492e-01 1.117114737148417580e+00 7.842778644269999822e-01 1.058296347125523118e+00 3.092569427329999732e-01
7.886785110389999964e-01 1.055881725757391365e+00 3.950892857142856984e-01 1.117723840117300194e+00 7.886785110389999964e-01 1.055881725757391365e+00 3.133590261749999994e-01
7.930909071889999939e-01 1.054102638871694309e+00 3.973214285714285476e-01 1.118322735555974168e+00 7.930909071889999939e-01 1.054102638871694309e+00 3.174256096859999765e-01
7.975140434249999855e-01 1.052588008087956384e+00 3.995535714285714524e-01 1.118911261033437077e+00 7.975140434249999855e-01 1.052588008087956384e+00 3.214545222349999842e-01
8.019469222139999909e-01 1.051334069732994037e+00 4.017857142857143016e-01 1.119489257147982419e+00 8.019469222139999909e-01 1.051334069732994037e+00 3.254435927870000245e-01
8.063885601169999973e-01 1.050081392196274388e+00 4.040178571428571508e-01 1.120056567553991744e+00 8.063885601169999973e-01 1.050081392196274388e+00 3.293906503039999989e-01
8.108379899509999822e-01 1.048741408445752255e+00 4.062500000000000555e-01 1.120613038988507171e+00 8.108379899509999822e-01 1.048741408445752255e+00 3.332935237449999866e-01
8.152942629849999623e-01 1.047368795105215966e+00 4.084821428571428492e-01 1.121158521297564326e+00 8.152942629849999623e-01 1.047368795105215966e+00 3.371500420649999885e-01
8.197564511399999532e-01 1.046032723532792197e+00 4.107142857142856984e-01 1.121692867462259047e+00 8.197564511399999532e-01 1.046032723532792197e+00 3.409580342160000166e-01
8.242236492290000438e-01 1.044879886202250585e+00 4.129464285714285476e-01 1.122215933624529871e+00 8.242236492290000438e-01 1.044879886202250585e+00 3.447153291469999825e-01
8.286949772210000509e-01 1.043652707134939295e+00 4.151785714285713969e-01 1.122727579112630769e+00 8.286949772210000509e-01 1.043652707134939295e+00 3.484197558029999975e-01
8.331695825420000201e-01 1.042450613474802390e+00 4.174107142857143016e-01 1.123227666466273034e+00 8.331695825420000201e-01 1.042450613474802390e+00 3.520691431249999837e-01
8.376466424220000428e-01 1.041383371060117247e+00 4.196428571428571508e-01 1.123716061461416338e+00 8.376466424220000428e-01 1.041383371060117247e+00 3.556613200529999963e-01
8.421253662919999661e-01 1.040489204921577704e+00 4.218750000000000000e-01 1.124192633134686981e+00 8.421253662919999661e-01 1.040489204921577704e+00 3.591941155200000235e-01
8.466049982209999936e-01 1.039940256273047092e+00 4.241071428571429047e-01 1.124657253807400448e+00 8.466049982209999936e-01 1.039940256273047092e+00 3.626653584580000200e-01
8.510848194210000051e-01 1.039424571699285371e+00 4.263392857142857539e-01 1.125109799109174080e+00 8.510848194210000051e-01 1.039424571699285371e+00 3.660728777969999848e-01
8.555641508029999676e-01 1.038871486849774151e+00 4.285714285714285476e-01 1.125550148001104089e+00 8.555641508029999676e-01 1.038871486849774151e+00 3.694145024589999826e-01
8.600423555949999743e-01 1.038105563168974399e+00 4.308035714285713969e-01 1.125978182798489602e+00 8.600423555949999743e-01 1.038105563168974399e+00 3.726880613679999787e-01
8.645188420260000450e-01 1.037444755585267053e+00 4.330357142857142461e-01 1.126393789193088413e+00 8.645188420260000450e-01 1.037444755585267053e+00 3.758913834400000042e-01
8.689930660729999756e-01 1.037026979849405173e+00 4.352678571428571508e-01 1.126796856274879133e+00 8.689930660729999756e-01 1.037026979849405173e+00 3.790222975900000013e-01
8.734645342760000153e-01 1.036676452306665164e+00 4.375000000000000000e-01 1.127187276553319739e+00 8.734645342760000153e-01 1.036676452306665164e+00 3.820786327299999785e-01
8.779328066120000162e-01 1.036435741038815861e+00 4.397321428571428492e-01 1.127564945978080102e+00 8.779328066120000162e-01 1.036435741038815861e+00 3.850582177679999774e-01
8.823974994440000330e-01 1.036303394281331336e+00 4.419642857142857539e-01 1.127929763959230058e+00 8.823974994440000330e-01 1.036303394281331336e+00 3.879588816069999835e-01
8.868582885250000380e-01 1.036199628985392973e+00 4.441964285714286031e-01 1.128281633386874594e+00 8.868582885250000380e-01 1.036199628985392973e+00 3.907784531480000267e-01
8.913149555689999781e-01 1.036082825043176170e+00 4.464285714285714524e-01 1.128620460650211932e+00 8.913149555689999781e-01 1.036082825043176170e+00 3.935147871999999936e-01
8.957672994380000420e-01 1.036011847626461257e+00 4.486607142857142461e-01 1.128946155656004535e+00 8.957672994380000420e-01 1.036011847626461257e+00 3.961657081600000185e-01
9.002151442360000200e-01 1.035956718518958208e+00 4.508928571428570953e-01 1.129258631846442373e+00 9.002151442360000200e-01 1.035956718518958208e+00 3.987290147409999763e-01
9.046584344579999826e-01 1.036063316045501059e+00 4.531250000000000000e-01 1.129557806216394011e+00 9.046584344579999826e-01 1.036063316045501059e+00 4.012025363039999903e-01
9.090971897909999599e-01 1.036258541060761651e+00 4.553571428571428492e-01 1.129843599330021986e+00 9.090971897909999599e-01 1.036258541060761651e+00 4.035841022309999970e-01
9.135315083649999668e-01 1.036704193175332467e+00 4.575892857142856984e-01 1.130115935336753363e+00 9.135315083649999668e-01 1.036704193175332467e+00 4.058715419319999795e-01
9.179615700169999615e-01 1.037353108958890102e+00 4.598214285714286031e-01 1.130374741986593490e+00 9.179615700169999615e-01 1.037353108958890102e+00 4.080626848419999786e-01
9.223876395450000265e-01 1.038179626545706835e+00 4.620535714285714524e-01 1.130619950644771610e+00 9.223876395450000265e-01 1.038179626545706835e+00 4.101553604170000145e-01
9.268100699260000130e-01 1.039183574162832135e+00 4.642857142857143016e-01 1.130851496305702364e+00 9.268100699260000130e-01 1.039183574162832135e+00 4.121473981439999767e-01
9.312293054989999597e-01 1.040526999217979975e+00 4.665178571428571508e-01 1.131069317606256952e+00 9.312293054989999597e-01 1.040526999217979975e+00 4.140366275290000009e-01
9.356458850650000159e-01 1.042228376662914568e+00 4.687499999999999445e-01 1.131273356838331523e+00 9.356458850650000159e-01 1.042228376662914568e+00 4.158208781070000248e-01
9.400604449020000253e-01 1.044265004287163734e+00 4.709821428571428492e-01 1.131463559960704135e+00 9.400604449020000253e-01 1.044265004287163734e+00 4.174979794349999995e-01
9.444737216549999870e-01 1.046664822285776397e+00 4.732142857142856984e-01 1.131639876610168516e+00 9.444737216549999870e-01 1.046664822285776397e+00 4.190657610979999781e-01
9.488865550759999490e-01 1.049342982573671756e+00 4.754464285714285476e-01 1.131802260111939074e+00 9.488865550759999490e-01 1.049342982573671756e+00 4.205220527030000266e-01
9.532998905820000424e-01 1.052561695590962243e+00 4.776785714285714524e-01 1.131950667489317164e+00 9.532998905820000424e-01 1.052561695590962243e+00 4.218646838830000245e-01
9.577147816040000317e-01 1.056316841702704679e+00 4.799107142857143016e-01 1.132085059472611288e+00 9.577147816040000317e-01 1.056316841702704679e+00 4.230914842960000199e-01
9.621323916859999548e-01 1.060392647073782335e+00 4.821428571428571508e-01 1.132205400507306559e+00 9.621323916859999548e-01 1.060392647073782335e+00 4.242002836259999854e-01
9.665539963079999852e-01 1.065033097305720933e+00 4.843750000000000000e-01 1.132311658761471884e+00 9.665539963079999852e-01 1.065033097305720933e+00 4.251889115799999952e-01
9.709809843879999569e-01 1.070185290160916791e+00 4.866071428571428492e-01 1.132403806132406876e+00 9.709809843879999569e-01 1.070185290160916791e+00 4.260551978900000147e-01
9.754148594410000372e-01 1.075958218993438242e+00 4.888392857142857539e-01 1.132481818252515371e+00 9.754148594410000372e-01 1.075958218993438242e+00 4.267969723139999894e-01
9.798572403599999925e-01 1.082252816781680504e+00 4.910714285714285476e-01 1.132545674494406907e+00 9.798572403599999925e-01 1.082252816781680504e+00 4.274120646349999775e-01
9.843098617829999508e-01 1.088955822652335481e+00 4.933035714285713969e-01 1.132595357975219708e+00 9.843098617829999508e-01 1.088955822652335481e+00 4.278983046589999728e-01
9.887745740159999963e-01 1.095675668256453905e+00 4.955357142857143016e-01 1.132630855560160521e+00 9.887745740159999963e-01 1.095675668256453905e+00 4.282535222189999824e-01
9.932533425099999702e-01 1.099746245465387240e+00 4.977678571428571508e-01 1.132652157865263520e+00 9.932533425099999702e-01 1.099746245465387240e+00 4.284755471730000154e-01
9.977482468370000301e-01 1.089447024184011292e+00 5.000000000000000000e-01 1.132659259259360507e+00 9.977482468370000301e-01 1.089447024184011292e+00 4.285622094020000161e-01
